25319
758005
615836
65091
276583
74080
451819
391749
180202
1019345
458674
144783
504225
25199
82763
808298
177388
83441
237100
12015
344248
26447
508192
1063577
888131
13169
203430
524720
870142
1034012
51067
160956
829428
703501
36518
304542
240346
109623
234993
1035494
292396
108197
965832
258620
715617
139416
330420
113016
117411
885027
202632
648503
333554
746536
205987
51169
748545
227448
19301
97158
378660
56127
593433
492779
425007
581515
120720
101795
1022136
8235
68868
338674
49516
231210
33955
712220
912411
24271
198836
308872
15524
237963
1041413
345943
287715
711610
5412
271448
222214
234261
139525
39336
69089
521640
216519
607078
498232
242638
3480
186989
458020
200158
477045
513319
36150
913421
734825
837945
81856
274166
108373
321843
151580
394394
186355
151585
737758
545118
37275
256703
116239
419867
47790
351825
206201
138467
66635
31152
126022
90892
883371
111978
459314
139631
2159
163778
293262
1538
16217
256264
61798
62347
738106
155182
864431
851843
276544
656633
73845
766614
21333
139923
50992
34753
367713
961009
136068
204991
19111
1074104
38500
160545
39147
960537
93747
256413
83406
892202
184845
844021
300886
50909
41995
681549
796632
884904
264923
797004
505227
110353
130682
591135
275111
274740
611367
551778
35670
166659
900727
130334
504313
953389
463372
249383
226408
247173
880845
811809
693749
839827
310316
86316
450366
872028
61412
82496
211816
685047
175142
146571
215513
803447
46449
486407
311577
645417
63942
579006
304129
81785
859835
842412
180902
137873
374994
209480
950049
263465
205646
436564
340098
99738
43018
297101
496538
281837
828237
137903
955931
250482
226715
247588
147755
1004156
389955
66919
656831
451119
519803
389635
135241
760541
914844
111632
358236
584163
671948
926432
275234
454770
209927
187139
244586
643773
519455
879964
270496
850996
311829
325522
903735
11717
633494
111117
444209
1129509
137349
40426
229346
587381
190371
72250
188613
503720
741804
22931
114269
1053771
579340
507324
13933
546178
236603
380922
44931
831605
7599
810155
380635
597986
6919
541427
492280
211975
177547
716078
267793
36774
245040
979596
180752
925093
221494
256313
159877
696342
112667
269285
868831
508201
444514
130336
888045
1089595
490560
455225
342483
10601
332159
13151
224438
810288
76877
36508
674030
616347
923847
301898
237825
471059
64547
208136
44477
996082
165904
1007935
793048
259205
749633
267501
773008
85
1103482
21605
682514
893902
200959
639211
2307
242324
19705
372648
480601
972324
826675
306544
168383
5965
553639
258621
915086
3661
98105
635236
502799
434240
365061
828920
261113
276630
475765
355754
922306
905642
195527
308865
415073
167593
1436
773649
430802
585833
431780
309195
502096
648262
19561
257395
849025
1016037
649853
4255
308218
951671
433135
283123
274076
318577
70081
330900
132118
401526
604610
1095399
257195
43000
530874
1015966
25986
62145
170771
530878
17889
61137
34421
274029
287900
151341
790321
66235
585684
520556
329514
682785
651889
1082678
903957
90073
301444
73101
69849
318488
572641
525933
28583
434752
22809
200196
57114
1020970
442229
75069
501229
674608
12
13214
71339
1084281
93772
24604
172071
483416
631320
295739
118397
478544
811501
921822
351966
657759
167578
826809
71839
855042
68026
285780
752386
928939
361245
1037738
44020
83596
44025
551965
425894
541243
862585
673079
853913
1069494
100343
908402
26593
851903
424477
756714
441622
314608
143846
863424
341066
479700
609867
711816
500696
220185
40590
255717
764392
1019529
120677
423157
774204
409164
915943
550343
46183
360940
155532
803823
318021
856986
284843
108447
715736
15775
648711
720495
26813
624884
74463
503996
1040
263662
932942
664476
222063
999182
825698
576680
528401
636352
314451
83603
872643
640263
392969
704368
829226
137209
388366
89079
342015
257820
710710
975919
1024077
967300
365528
303208
12013
614448
1043144
663651
192943
704727
79223
1040741
81085
885131
162471
817084
106934
78125
559301
1017661
157437
301900
99944
602127
98418
270449
107655
229424
848204
1020935
577329
961938
120909
126314
299855
8028
556047
46002
396992
243822
1002143
796832
901825
716006
566157
714461
377713
1021607
303779
119030
636525
905582
828666
301546
759912
985259
224130
321292
42613
184326
41887
251920
576242
891406
329389
777443
823200
471017
65073
790139
152392
747730
42856
951141
194580
265390
269130
34053
828036
665658
32958
559011
933631
581801
189675
63404
224686
1095426
211734
290234
719635
604307
535380
144541
409980
358961
355303
25739
168719
2023
276029
853343
373718
316979
208450
922492
745772
552815
938862
104907
329872
57917
698787
547131
242238
406000
871322
147336
775382
524098
62698
530816
689556
617715
344105
315662
360502
645390
1000810
132561
46466
665515
438109
431698
779386
54153
365277
524292
24685
277480
11742
215694
81604
711501
62262
914721
28012
324705
28014
850768
1019946
715904
211707
984710
140186
470386
139845
216431
250171
69921
591791
238704
102447
63040
901904
23525
527645
464123
594079
297582
219323
118253
335919
1012372
5658
365009
762811
1033785
920383
16421
272458
72195
608854
72923
317572
50726
761353
44967
1016169
547310
579552
787039
156871
404881
188712
105735
80270
879254
70183
99122
427147
203018
170624
72339
958922
347126
483403
255384
440252
225215
88461
107540
149694
236336
668443
492421
102734
300717
272219
147945
313994
911249
239157
42665
113550
61646
14320
1020492
245233
170439
56482
188441
229756
304445
431183
287071
78095
624096
86397
912714
748521
366172
27110
705889
148719
898179
559127
226174
4033
220079
829436
133557
958623
32516
7501
598806
462442
871813
928897
33937
580901
296409
493645
926303
220657
1009934
197018
33520
920088
1050685
130544
171849
572588
199684
429435
219680
894811
1022146
250509
981985
433467
62380
204660
5376
159375
613194
114700
164608
415141
774738
895420
21126
424369
653438
859144
37615
86793
237870
853432
482983
132555
348103
143035
221826
721637
421657
132396
181353
301306
1056328
770628
150705
31661
638727
646909
96355
187790
58421
141554
148275
656506
111033
987968
136742
86291
1000854
47525
993231
79737
97305
728460
31567
727875
746853
606700
318981
320822
919139
34539
983221
116145
17419
527872
64048
562729
109888
484051
1029006
175547
11033
792823
15021
1039671
134196
1096158
438240
203990
190516
183176
278129
186418
167132
113040
495518
201235
925567
383401
236393
155176
468047
354495
61427
283747
819322
919621
749405
77504
564746
732944
468744
589462
383205
881885
244088
51426
12459
822564
817538
791806
22312
134107
481117
783246
68938
965619
340632
241122
170276
256182
526304
10049
241316
269398
662882
114091
430641
196033
362453
441722
346899
605291
129041
107728
413346
901752
76926
465044
475393
721830
877443
298258
83480
753545
295347
475589
79178
775045
881839
930247
211141
396508
186018
165955
166289
292970
305427
763137
297750
57245
7642
710743
989244
41927
16185
210008
6888
12180
294170
873335
226646
862933
101513
591021
688283
639521
639249
84465
169674
68362
19222
194120
11887
242372
161011
281744
388367
774118
330371
404392
407218
525457
36250
109684
183587
759605
391754
231554
221886
893224
538536
4922
199651
332460
11176
219544
208880
961848
300049
412424
808206
105728
144702
539938
144705
235332
270338
595151
123490
193639
833190
160263
242700
47051
13785
127902
127900
65603
46918
524355
144129
645019
146597
764324
716251
772088
821116
567680
340598
628331
450581
1803
30502
35397
421852
237744
550397
132435
463021
661402
338509
99084
444425
305846
590462
7461
668939
820347
28617